MATRIX
51 21
-5.0
0.0
5.0
10.0
15.0
20.0
25.0
30.0
35.0
40.0
45.0
50.0
55.0
60.0
65.0
70.0
75.0
80.0
85.0
90.0
100.0
0.0
2.5080687725650646
6.52822697754459
11.07257319477619
15.828338602734107
20.683238770736736
25.59148610031027
30.532161397686966
35.49485770838821
40.474197453429355
45.46756754479151
50.47418327921334
55.49483074747885
60.53212428928902
65.59144247693598
70.68319290259703
75.8282949797225
81.07253608696509
86.52820001722208
92.50805459871174
100.0
0.0
3.504060573557629
7.532290491682847
11.933763361634174
16.55758914017176
21.313186704904233
26.150608502772418
31.04237275587873
35.97314753651921
40.93444323587741
45.921968889043164
50.93441350017953
55.97309097598318
61.042294907243
66.15051698660164
71.31309047956242
76.55749762486491
81.93368551439627
87.53223393254467
93.50403083872365
100.0
0.0
3.975907808367588
8.163160132251331
12.572672529654652
17.155161243948097
21.861422408217255
26.655516939041902
31.51371471802912
36.42106749431861
41.36861551048553
46.351610097526624
51.36856730297581
56.420975798427335
61.51358850997775
66.65536857334462
71.8612664081816
77.15501287994593
82.57254632434605
88.16306843910282
93.97585960255299
100.0
0.0
4.236447603941292
8.571842742674331
13.038712980458675
17.629099834727658
22.321992335747233
27.096513357977983
31.936112860181083
36.829017018280105
41.76757530686177
46.747525063498074
51.76750390925266
56.8288812124075
61.9359259404007
67.096293622028
72.32176129336621
77.6288801019515
83.03852606581361
88.57170694193707
94.23637620950598
100.0
0.0
4.398088812729491
8.84914720447035
13.381378867594574
18.000717189745895
22.701154995018257
27.472685117588142
32.305485142295865
37.19161079685582
42.125452683915704
47.10372468221409
52.12535110806563
57.191417588941576
62.305219216200534
67.47237250536097
72.70082629815239
78.00040458338353
83.38111295098871
88.84895400604556
94.39798724274424
100.0
0.0
4.506821223185287
9.045398138444751
13.637114488336756
18.291462827874575
23.009500075650042
27.787900469332996
32.62187798666448
37.50685687896152
42.4392837082053
47.41695737673845
52.43914201198228
57.50658735826147
62.621507026535006
67.78746438441436
73.00904155450945
78.29102675375194
83.63674354567559
89.045128635213
94.50667953775826
100.0
0.0
4.583869856950372
9.188652078514544
13.830426826314984
18.518790496722442
23.257807079884593
28.04791161418247
32.887679069147055
37.77509341594471
42.70832195489405
47.686140059203105
52.70812626875927
57.77472120161903
62.88716676612172
68.04730937481358
73.25717385837208
78.5181882772045
83.82991455540919
89.1882798963084
94.58367419066656
100.0
0.0
4.640089118230465
9.295076995604326
13.977391094634426
18.695776255268193
23.455401271460943
28.25868789818988
33.10630596396936
37.99801897776453
42.933294635600404
47.91168375298101
52.93302580452901
57.99750763586171
63.10560217333428
68.25786055913434
73.45453137488465
78.6949489527011
83.97668736303888
89.29456571274102
94.63982032364751
100.0
0.0
4.681502737545902
9.374360124209163
14.088554538462148
18.831872972012615
23.609754758256223
28.425615599050523
33.28136828572708
38.17794952995892
43.115741785534176
48.09487136254942
53.11537349309949
58.177249005649706
63.28040411715382
68.42448218117175
73.60856304742657
78.8307396211973
84.08759047839985
89.37365970841088
94.68113451217468
100.0
0.0
4.711664873892024
9.432509475182535
14.170893363510963
18.93379294178027
23.726595519807926
28.553183573990346
33.41618966273485
38.31729461957171
43.257502992552546
48.23734416443209
53.25699918317622
58.31633633469988
63.414870734307584
68.55163313623139
73.72496535788174
78.93224262727611
84.16957463451413
89.43155138974114
94.71116118777047
100.0
0.0
4.732759317059955
9.473341438463546
14.229041635489454
19.006231991144173
23.81015722042691
28.644914460456754
33.51355029671515
38.41821924163107
43.36033877386141
48.340721220549426
53.3596501201241
58.41690937657553
63.51174749112698
68.64279523758613
73.80792905672594
79.00411299479948
84.22723919642794
89.47203193993462
94.73207088984856
100.0
0.0
4.746151765076088
9.499293337535057
14.266050351935526
19.052388893706876
23.863432990891347
28.703389880487414
33.57556592977379
38.482425816496196
43.4256744219476
48.40632207039867
53.4247334898366
58.48063611642445
63.57310274578323
68.70049442186662
73.86038874443437
79.04949385140958
84.26358784157048
89.49750431108876
94.74521124928847
100.0
0.0
4.752682610016048
9.511883718475802
14.283849605902496
19.07432323551558
23.888375478068987
28.73031093212873
33.603627957295785
38.51102519090658
43.45442050558059
48.43498089705534
53.45313514182177
58.50858039251257
63.60026321408938
68.72635578451683
73.8842171920594
79.07036885304832
84.28048610072597
89.50944015811143
94.75139801140153
100.0
0.0
4.752830447263708
9.51197625988955
14.283534329100327
19.073186717064182
23.886047200662162
28.72654928223836
33.598381514620236
38.504448066618025
43.446857004142664
48.42690974726012
53.44510129374153
58.501108706892225
63.59378570878354
68.72114722301544
73.88036787888893
79.06778606407026
84.27894079858943
89.5086391754889
94.7510761430905
100.0
0.0
4.7468041525932065
9.499936271081756
14.265534611458278
19.049374178908163
23.856715732528087
28.692189831530893
33.559705205405365
38.462389501263296
43.402541457366624
48.381605062867166
53.400143357510615
58.45782841181417
63.553428192032655
68.68481192621005
73.84895950277583
79.04199885803973
84.25926177981574
89.4953793633608
94.7444086371863
100.0
0.0
4.734596745745319
9.475719390746782
14.229719856047595
19.002609999752664
23.79991553400921
28.626546604332937
33.48669644671968
38.383753788270184
43.32024152033162
48.29776205317599
53.31696594447223
58.37752394843174
63.47812325592668
68.6164703582246
73.78932323972379
78.99253850350695
84.22115435068872
89.4694972363362
94.73132591973848
100.0
0.0
4.716014244853925
9.43892337070275
14.175453080125802
18.931998562171536
23.71447147987925
28.52816658893567
33.37763917797162
38.266606987599474
43.197861007893096
48.17320232767218
53.1933866747933
58.258097542774514
63.36592959435518
68.51440508945677
73.70000637404291
78.9182457922785
84.16375762126054
89.43042805060993
94.71154864130912
100.0
0.0
4.690691485699404
9.38881140855476
14.101619269520835
18.836039161527243
23.59850417596462
28.394806691065114
33.22996743426578
38.10811164136827
43.032369547061414
48.004785533523375
53.026257275125936
58.096487694115154
63.21397333906032
68.37601175089102
73.57875044506906
78.81726026512197
84.08565113363157
89.37721342055957
94.68459525743853
100.0
0.0
4.658096977400574
9.324321836503582
14.006628160954422
18.712624930727415
23.44940765501361
28.22340106087976
33.04020475184877
37.90445778521729
42.819709424914535
47.78831737989677
52.81135866891705
57.88857790616504
63.018356976650495
68.1977307843787
73.42243184026732
78.68698414047002
83.98482809535676
89.30848966687408
94.64977570735884
100.0
0.0
4.617533197688398
9.244063302211384
13.888406920700476
18.559019178149846
23.26381743374418
28.010003348064917
32.80389622212374
37.650767232072354
42.55469458107359
47.51842736910207
52.54328377477369
57.62907032090426
62.77404954678186
67.97494097711186
73.22697918847143
78.5240109989281
83.85864792898295
89.22245407412407
94.60617658224055
100.0
0.0
4.568131251119642
9.14630564274189
13.744377733827768
18.371825451520913
23.03755713195237
27.749721831200315
32.51551381658284
37.34098808775729
42.230876757297935
47.188431375823235
52.21528128541788
57.311337968077424
62.474734398202514
67.7018278105285
72.98725079494984
78.32403102813306
83.70375946589813
89.11681667185286
94.55263537383749
100.0
0.0
4.508844884482844
9.028963009784654
13.57143355895847
18.14694262902683
22.765581314972426
27.43663185090837
32.1683533079009
36.967757218855006
41.84039538066288
46.79015241575544
51.81907453091587
56.92722875375756
62.11262674295706
67.37120423822343
72.6968830187271
78.08169806370154
83.51600316677643
88.9887307123777
94.48770707389136
100.0
0.0
4.438442188466754
8.88957871755425
13.365906255543276
17.879521333951097
22.441902991573734
27.06368466331583
31.75440426614
36.52224879235942
41.373786180258364
46.3137144435066
51.34462686258887
56.46683274165812
61.6782338807847
66.97429354050507
72.34808878988765
77.79046663126284
83.29028019691208
88.83470697808744
94.40961926585882
100.0
0.0
4.355500101761808
8.725308719927435
13.123541116141478
17.563914224061207
22.05952515269799
26.622598992817252
31.264213102902573
35.99398745877819
40.81976486576147
45.74728082338969
50.77986468274092
55.918181779519976
61.16006579072008
66.50044727745622
71.9314130756544
77.44238081641224
83.0203942088545
88.65050339824369
94.31621814990643
100.0
0.0
4.258400743486135
8.532914484640752
12.839474222365931
17.19363910670039
21.610368179154595
26.103757452572637
30.686723457261234
35.370645379242696
40.16496048679868
45.076749304203
50.11032499319256
55.26688666901727
60.54426262207901
65.9368018508457
71.43541998117362
77.02781991315176
82.69885201854501
88.43099426121721
94.20490142424688
100.0
0.0
4.14533577444031
8.308764661963743
12.508229949973362
16.761352258889954
21.085217375093332
25.496099723507008
30.0091177651716
34.6378044224466
39.3936136757919
44.285371544093934
49.318730907612945
54.49567218412457
59.814136870175
65.26783903055392
70.8463124752879
76.53518026377853
82.31662828736154
88.17001121434498
94.0725409899737
100.0
0.0
4.014319564451109
8.048859417035379
12.123740428171534
16.258857138693653
20.4736908194444
24.787042212520817
29.21665201432769
33.77870628521414
38.487214889318764
43.35330262500503
48.38445195185316
53.58380047546578
58.949583260591375
64.47484208959492
70.14745342386865
75.95049617412744
81.86288249626367
87.8601630794262
93.9153936043016
100.0
0.0
3.8632192733849307
7.7488814026748924
11.67941054731808
15.677155655620137
19.764262470706555
23.962429314625897
28.292518202834035
32.77398064223018
37.42409806752871
42.25704198267219
47.28283541727719
52.50632232465706
57.92633138839056
63.535197281365
69.31878058637561
75.25698074964933
81.32463917923602
87.49263440568657
93.72900709009882
100.0
0.0
3.6898051365395346
7.404291880900467
11.168239167503312
15.006578593368316
18.944357532763785
23.00656375378318
27.217746392924788
31.601387388076525
36.17897067653159
40.96876034139393
45.98434200106013
51.233110674359835
56.71496000786222
62.42150653739748
68.33607654053738
74.43449530573852
80.68643533742812
87.05698510339488
93.50813005527877
100.0
0.0
3.491831059945272
7.010481567632362
10.583028817842335
14.237018196959408
18.00057562533705
21.902349995490333
25.971210121904285
30.23559093787447
34.722406792774095
39.455464629687086
44.45343231897718
49.72755910741782
55.27958761180265
61.10042324125075
67.1700769147312
73.45894751898211
79.92997728693835
86.5409820826267
93.24665060341833
100.0
0.0
3.2671504897080696
6.562998226172464
9.916704232406504
13.358315453961476
16.919087762934772
20.631636822260045
24.529797598160556
28.648049445193067
33.020316151466034
37.677985571061214
42.6470798670303
47.94479793988058
53.57605546251689
59.53111173837246
65.78537505366467
72.30166984543459
79.03387516315176
85.93054129655883
92.9376044127009
100.0
0.0
3.0138767757319798
6.057861764473822
9.162776651172777
12.3608420400685
15.686294196144416
19.17584977745389
22.868888218698253
26.807126223940315
31.0334825487899
35.58974859691092
40.51276480332808
45.82913315715922
51.54932255359055
57.663135539371694
64.13911757920833
70.92887670085415
77.97361844851507
85.2099116076906
92.5733314072559
100.0
0.0
2.7305889203218436
5.491981729029716
8.31597168672584
11.236336493432823
14.289822968848075
17.5170685414507
20.963316541024163
24.67866016513717
28.71733606445916
33.135368109477064
37.985696220684105
43.310226262895576
49.12950814390908
55.43348476307107
62.17951501617001
69.30146162468779
76.72208867071649
84.3623454588512
92.14590571786373
100.0
0.0
2.4165810912512535
4.863669921942213
7.373035525951872
9.979024089643168
12.719972553934987
15.639718799835704
18.789128830722156
22.227373112118695
26.0223665851585
30.24923102860631
34.98496110570568
40.2970831538548
46.225484743365236
52.76222172191447
59.84438410614793
67.375688821339
75.25117969032331
83.37164628800838
91.64803261855553
100.0
0.0
2.0721383206963147
4.173225538840159
6.333687801314477
8.587026323557701
10.971654050875575
13.533083813550856
16.326523269388694
19.41978319154265
22.89598946567018
26.854699852026137
31.408300120904883
36.66811225674638
42.71355011231665
49.54592138868621
57.060451051589986
65.1060147872004
73.53551544617031
82.22517832046172
91.07465484191333
100.0
0.0
1.6988082259412431
3.4235274686482926
5.201642637050213
7.063970446325387
9.046812475015718
11.194757895684669
13.564449765644376
16.229623064574692
19.28750095281578
22.865676876119124
27.125823337112667
32.25389840961698
38.41504430099488
45.64779363665344
53.745776583204915
62.452648581388246
71.5598798839904
80.9190270294709
90.42547479248412
100.0
0.0
1.299616750420097
2.620531798283401
3.9855289998544507
5.420587619446741
6.957092474019171
8.634943947797165
10.507179298880796
12.647063575068088
15.159031765581167
18.195007127218492
21.975739168271073
26.806926833965107
33.045231395241466
40.884706277161484
49.8224559040283
59.39912852942413
69.3324887732029
79.46568551909175
89.70827336092603
100.0
0.0
0.8791645945272708
1.7735281211461227
2.699463214659947
3.6758998011364348
4.726196409525213
5.880941108574496
7.182475708161428
8.692650708369522
10.506796565229305
12.779825937064844
15.775444702735937
19.9530776620159
26.074478093872614
35.02355890020455
45.26040643714176
55.98908646186318
66.90539226187275
77.90304334203421
88.94197945777847
100.0
0.0
0.4435386642219973
0.8950027158556983
1.3629690206111058
1.8574469128932405
2.3909663544954514
2.9802794961665775
3.6492761687341346
4.434422170380221
5.395839552881688
6.642220972902667
8.39330162953829
11.155624911755268
16.276204405761934
27.8748011123729
40.20667026980133
52.39154682634927
64.39705322814484
76.29918814619955
88.15663805856525
100.0
0.0
0.0
0.0
0.0
0.0
0.0
0.0
0.0
0.0
0.0
0.0
0.0
0.0
0.0
19.99286930465304
35.30002809155809
48.97347082347414
61.99216325219964
74.74007298312709
87.38541324344564
100.0
0.0
0.0
0.0
0.0
0.0
0.0
0.0
0.0
0.0
0.0
0.0
0.0
0.0
0.0
16.796695493969786
32.027165710580164
46.21020992641605
59.85811185990286
73.28356805316004
86.64496326634139
100.0
0.0
0.0
0.0
0.0
0.0
0.0
0.0
0.0
0.0
0.0
0.0
0.0
0.0
0.0
15.166772778076883
29.80176930663743
43.98213478724753
57.94654545213522
71.89115325258066
85.9108872872551
100.0
0.0
0.0
0.0
0.0
0.0
0.0
0.0
0.0
0.0
0.0
0.0
0.0
0.0
0.0
14.068641590004711
28.031029198924433
41.970043440185776
56.054808783689275
70.42363268446923
85.10744359118249
100.0
0.0
0.0
0.0
0.0
0.0
0.0
0.0
0.0
0.0
0.0
0.0
0.0
0.0
0.0
13.076773810930979
26.283678696714446
39.81222012275413
53.87903181190858
68.64113916210587
84.09526202446519
100.0
0.0
0.0
0.0
0.0
0.0
0.0
0.0
0.0
0.0
0.0
0.0
0.0
0.0
0.0
11.954780956657181
24.214702139266677
37.11613920403514
51.00797139645471
66.16663969023197
82.63247054830356
100.0
0.0
0.0
0.0
0.0
0.0
0.0
0.0
0.0
0.0
0.0
0.0
0.0
0.0
0.0
10.527651718935434
21.504216522497288
33.42967145754684
46.87008301675979
62.38498404434847
80.26798399116264
100.0
0.0
0.0
0.0
0.0
0.0
0.0
0.0
0.0
0.0
0.0
0.0
0.0
0.0
0.0
8.651611864227114
17.844845161725473
28.228252492069945
40.65771047992251
56.235233695088816
76.05448368624546
100.0
0.0
0.0
0.0
0.0
0.0
0.0
0.0
0.0
0.0
0.0
0.0
0.0
0.0
0.0
6.233952116851825
12.995302531142709
20.98078627222425
31.29727609209115
45.84375924669637
67.71471853908537
100.0
0.0
0.0
0.0
0.0
0.0
0.0
0.0
0.0
0.0
0.0
0.0
0.0
0.0
0.0
3.2888949717272755
6.921628182774368
11.402315970815788
17.706850346828165
28.12781023973003
48.9606320937616
100.0
0.0
0.0
0.0
0.0
0.0
0.0
0.0
0.0
0.0
0.0
0.0
0.0
0.0
0.0
0.0
0.0
0.0
0.0
0.0
0.0
100.0
